*** Results of the Monte-Carlo algorithm ***



Final (best) WSSR value from Monte-Carlo scan: 13122

Total number of Monte-Carlo steps: 3533/6000


Updated initial values of the parameters for Marquardt-Levenberg fit:
a		 = 1.4155 (-0.41228-2.5072)
b		 = 999.9 (354.39-1000)
c		 = 0.071737 (0.050003-0.17855)
d		 = 40.331 (6.9592-53.176)
e		 = 0.050005 (0.05-0.23182)

1+p% data statistics (p=3.5): 2918

1+p% (p=3.5) error estimates for parameter a (value: 1.4155): -129%, +77.1%
1+p% (p=3.5) error estimates for parameter b (value: 999.9): -64.6%, +0.00992%
1+p% (p=3.5) error estimates for parameter c (value: 0.071737): -30.3%, +149%
1+p% (p=3.5) error estimates for parameter d (value: 40.331): -82.7%, +31.9%
1+p% (p=3.5) error estimates for parameter e (value: 0.050005): -0.0109%, +364%


 Iteration 0
 WSSR        : 3020.85           delta(WSSR)/WSSR   : 0
 delta(WSSR) : 0                 limit for stopping : 1e-09
 lambda	  : 16.8786

initial set of free parameter values

a               = 0.384249
b               = 999.873
c               = 0.05
d               = 15.429
e               = 0.154709
i_s0_0          = 44.5998
i_s0_1          = 82.0836
i_s0_2          = 98.5958
i_s0_3          = 64.7956
i_s0_4          = 115.813
i_max_0         = 10780.9
i_max_1         = 959.481
i_max_2         = 568.339
i_max_3         = 336.826
i_max_4         = 228.218

After 1 iterations the fit converged.
final sum of squares of residuals : 3020.85
rel. change during last iteration : 0

degrees of freedom    (FIT_NDF)                        : 1787
rms of residuals      (FIT_STDFIT) = sqrt(WSSR/ndf)    : 1.30018
variance of residuals (reduced chisquare) = WSSR/ndf   : 1.69046

Final set of parameters            Asymptotic Standard Error
=======================            ==========================

a               = 0.384249         +/- 0.364        (94.73%)
b               = 999.873          +/- 3.859e+05    (3.86e+04%)
c               = 0.05             +/- 1541         (3.082e+06%)
d               = 15.429           +/- 2.565        (16.63%)
e               = 0.154709         +/- 0.02526      (16.33%)
i_s0_0          = 44.5998          +/- 0.0005456    (0.001223%)
i_s0_1          = 82.0836          +/- 0.002866     (0.003492%)
i_s0_2          = 98.5958          +/- 0.004684     (0.004751%)
i_s0_3          = 64.7956          +/- 0.00565      (0.00872%)
i_s0_4          = 115.813          +/- 0.01165      (0.01006%)
i_max_0         = 10780.9          +/- 111.8        (1.037%)
i_max_1         = 959.481          +/- 21.97        (2.29%)
i_max_2         = 568.339          +/- 15.68        (2.76%)
i_max_3         = 336.826          +/- 17.14        (5.089%)
i_max_4         = 228.218          +/- 10.44        (4.573%)


correlation matrix of the fit parameters:

               a      b      c      d      e      i_s0_0 i_s0_1 i_s0_2 i_s0_3 i_s0_4 i_max_ i_max_ i_max_ i_max_ i_max_ 
a               1.000 
b              -0.021  1.000 
c               0.021 -1.000  1.000 
d               0.397  0.412 -0.411  1.000 
e               0.352 -0.472  0.472 -0.647  1.000 
i_s0_0          0.005 -0.171  0.172  0.130 -0.122  1.000 
i_s0_1          0.114  0.019 -0.020  0.002 -0.009  0.020  1.000 
i_s0_2          0.097  0.003 -0.003 -0.030  0.027  0.004  0.063  1.000 
i_s0_3         -0.267  0.014 -0.013 -0.105 -0.121  0.011 -0.012 -0.012  1.000 
i_s0_4         -0.186  0.000 -0.000 -0.127 -0.057 -0.003  0.009  0.008  0.057  1.000 
i_max_0         0.008 -0.540  0.540  0.047 -0.014  0.350  0.017  0.001  0.012 -0.005  1.000 
i_max_1         0.238  0.022 -0.022  0.037 -0.057  0.060  0.200  0.132 -0.024  0.018  0.065  1.000 
i_max_2         0.253  0.022 -0.023 -0.015 -0.002  0.029  0.168  0.184 -0.029  0.020  0.022  0.359  1.000 
i_max_3        -0.531  0.015 -0.015 -0.201 -0.248  0.028 -0.024 -0.024  0.261  0.114  0.035 -0.046 -0.057  1.000 
i_max_4        -0.526  0.020 -0.020 -0.310 -0.212  0.001  0.025  0.020  0.163  0.216 -0.007  0.055  0.056  0.325  1.000 
