*** Results of the Monte-Carlo algorithm ***



Final (best) WSSR value from Monte-Carlo scan: 27633

Total number of Monte-Carlo steps: 3369/6000


Updated initial values of the parameters for Marquardt-Levenberg fit:
a		 = 1.5707 (-0.22847-2.9711)
b		 = 945.7 (219.67-999.83)
c		 = 0.97964 (0.32181-1.4886)
d		 = 24.536 (2.9824-34.603)
e		 = 0.050002 (0.05-0.85745)

1+p% data statistics (p=3.5): 2927

1+p% (p=3.5) error estimates for parameter a (value: 1.5707): -115%, +89.2%
1+p% (p=3.5) error estimates for parameter b (value: 945.7): -76.8%, +5.72%
1+p% (p=3.5) error estimates for parameter c (value: 0.97964): -67.1%, +52%
1+p% (p=3.5) error estimates for parameter d (value: 24.536): -87.8%, +41%
1+p% (p=3.5) error estimates for parameter e (value: 0.050002): -0.00313%, +1.61e+03%


 Iteration 0
 WSSR        : 13443.6           delta(WSSR)/WSSR   : 0
 delta(WSSR) : 0                 limit for stopping : 1e-09
 lambda	  : 8.98018

initial set of free parameter values

a               = 0.9508
b               = 945.573
c               = 0.05
d               = 8.65744
e               = 0.191722
i_s0_0          = 44.5993
i_s0_1          = 82.1158
i_s0_2          = 98.6403
i_s0_3          = 64.828
i_s0_4          = 115.904
i_max_0         = 2560.61
i_max_1         = 272.212
i_max_2         = 147.88
i_max_3         = 109.124
i_max_4         = 73.8081

After 1 iterations the fit converged.
final sum of squares of residuals : 13443.6
rel. change during last iteration : 0

degrees of freedom    (FIT_NDF)                        : 10792
rms of residuals      (FIT_STDFIT) = sqrt(WSSR/ndf)    : 1.11611
variance of residuals (reduced chisquare) = WSSR/ndf   : 1.2457

Final set of parameters            Asymptotic Standard Error
=======================            ==========================

a               = 0.9508           +/- 0.2128       (22.38%)
b               = 945.573          +/- 1.479e+05    (1.564e+04%)
c               = 0.05             +/- 624.4        (1.249e+06%)
d               = 8.65744          +/- 0.1822       (2.104%)
e               = 0.191722         +/- 0.01712      (8.929%)
i_s0_0          = 44.5993          +/- 0.0003664    (0.0008215%)
i_s0_1          = 82.1158          +/- 0.00166      (0.002022%)
i_s0_2          = 98.6403          +/- 0.002778     (0.002817%)
i_s0_3          = 64.828           +/- 0.003045     (0.004697%)
i_s0_4          = 115.904          +/- 0.005841     (0.00504%)
i_max_0         = 2560.61          +/- 19.77        (0.7719%)
i_max_1         = 272.212          +/- 4.396        (1.615%)
i_max_2         = 147.88           +/- 3.085        (2.086%)
i_max_3         = 109.124          +/- 3.268        (2.995%)
i_max_4         = 73.8081          +/- 2.085        (2.825%)


correlation matrix of the fit parameters:

               a      b      c      d      e      i_s0_0 i_s0_1 i_s0_2 i_s0_3 i_s0_4 i_max_ i_max_ i_max_ i_max_ i_max_ 
a               1.000 
b              -0.176  1.000 
c               0.175 -1.000  1.000 
d              -0.068  0.139 -0.138  1.000 
e               0.806 -0.306  0.306 -0.294  1.000 
i_s0_0         -0.044 -0.265  0.266  0.035 -0.048  1.000 
i_s0_1          0.190  0.032 -0.032  0.001 -0.008  0.033  1.000 
i_s0_2          0.168  0.028 -0.029  0.003  0.007  0.016  0.105  1.000 
i_s0_3         -0.293  0.073 -0.072  0.030 -0.296  0.032 -0.021 -0.023  1.000 
i_s0_4         -0.197  0.078 -0.078 -0.004 -0.250  0.019  0.017  0.009  0.077  1.000 
i_max_0        -0.015 -0.619  0.620  0.004  0.028  0.378  0.026  0.006  0.020  0.001  1.000 
i_max_1         0.282  0.003 -0.004  0.003 -0.038  0.072  0.240  0.167 -0.025  0.033  0.078  1.000 
i_max_2         0.318  0.034 -0.035 -0.013 -0.016  0.043  0.218  0.214 -0.036  0.029  0.033  0.351  1.000 
i_max_3        -0.495  0.103 -0.103  0.048 -0.501  0.059 -0.034 -0.038  0.267  0.131  0.046 -0.039 -0.058  1.000 
i_max_4        -0.462  0.174 -0.173  0.023 -0.592  0.048  0.037  0.020  0.181  0.233  0.008  0.076  0.065  0.307  1.000 
