*** Results of the Monte-Carlo algorithm ***



Final (best) WSSR value from Monte-Carlo scan: 22791

Total number of Monte-Carlo steps: 2076/6000


Updated initial values of the parameters for Marquardt-Levenberg fit:
a		 = 2.9999 (-2.2008-3)
b		 = 996.99 (317.72-1000)
c		 = 1.4988 (0.88151-1.5)
d		 = 0.2766 (0.11232-2.0409)
e		 = 0.050003 (0.05-0.395)

1+p% data statistics (p=3.5): 2004

1+p% (p=3.5) error estimates for parameter a (value: 2.9999): -173%, +0.0022%
1+p% (p=3.5) error estimates for parameter b (value: 996.99): -68.1%, +0.302%
1+p% (p=3.5) error estimates for parameter c (value: 1.4988): -41.2%, +0.0789%
1+p% (p=3.5) error estimates for parameter d (value: 0.2766): -59.4%, +638%
1+p% (p=3.5) error estimates for parameter e (value: 0.050003): -0.00562%, +690%


 Iteration 0
 WSSR        : 12456.6           delta(WSSR)/WSSR   : 0
 delta(WSSR) : 0                 limit for stopping : 1e-09
 lambda	  : 8.57766

initial set of free parameter values

a               = 1.98824
b               = 997.005
c               = 1.5
d               = 5.45896
e               = 0.0966755
i_s0_0          = 44.6216
i_s0_1          = 82.159
i_s0_2          = 98.7213
i_s0_3          = 64.8955
i_s0_4          = 116.069
i_max_0         = 1562.06
i_max_1         = 204.249
i_max_2         = 106.206
i_max_3         = 76.2585
i_max_4         = 62.6555

After 15 iterations the fit converged.
final sum of squares of residuals : 12061
rel. change during last iteration : 0

degrees of freedom    (FIT_NDF)                        : 10487
rms of residuals      (FIT_STDFIT) = sqrt(WSSR/ndf)    : 1.07242
variance of residuals (reduced chisquare) = WSSR/ndf   : 1.1501

Final set of parameters            Asymptotic Standard Error
=======================            ==========================

a               = 2.04396          +/- 0.2742       (13.42%)
b               = 997.023          +/- 5.414e+09    (5.43e+08%)
c               = 1.5              +/- 7.27e+05     (4.847e+07%)
d               = 4.04758          +/- 1.051        (25.96%)
e               = 0.230191         +/- 0.06434      (27.95%)
i_s0_0          = 44.6238          +/- 0.000427     (0.0009569%)
i_s0_1          = 82.1589          +/- 0.001918     (0.002335%)
i_s0_2          = 98.7083          +/- 0.003516     (0.003562%)
i_s0_3          = 64.8835          +/- 0.003557     (0.005483%)
i_s0_4          = 116.017          +/- 0.006536     (0.005633%)
i_max_0         = 1434.17          +/- 19.42        (1.354%)
i_max_1         = 171.921          +/- 4.521        (2.63%)
i_max_2         = 88.7324          +/- 3.135        (3.534%)
i_max_3         = 66.2519          +/- 2.904        (4.383%)
i_max_4         = 50.0831          +/- 2.214        (4.421%)


correlation matrix of the fit parameters:

               a      b      c      d      e      i_s0_0 i_s0_1 i_s0_2 i_s0_3 i_s0_4 i_max_ i_max_ i_max_ i_max_ i_max_ 
a               1.000 
b               0.031  1.000 
c              -0.031 -1.000  1.000 
d               0.012  0.452 -0.452  1.000 
e               0.361 -0.495  0.495 -0.854  1.000 
i_s0_0         -0.016 -0.172  0.172  0.221 -0.201  1.000 
i_s0_1          0.302  0.057 -0.057 -0.010  0.015  0.061  1.000 
i_s0_2          0.269  0.049 -0.049 -0.033  0.036  0.030  0.164  1.000 
i_s0_3         -0.274  0.015 -0.015 -0.034 -0.131  0.024 -0.030 -0.029  1.000 
i_s0_4         -0.219  0.018 -0.018 -0.127 -0.073 -0.002  0.020  0.018  0.109  1.000 
i_max_0        -0.038 -0.621  0.621  0.043 -0.006  0.424  0.034  0.006  0.020 -0.010  1.000 
i_max_1         0.374  0.043 -0.043  0.059 -0.055  0.122  0.326  0.212 -0.032  0.027  0.104  1.000 
i_max_2         0.383  0.074 -0.074  0.030 -0.029  0.079  0.247  0.325 -0.036  0.028  0.046  0.330  1.000 
i_max_3        -0.450  0.034 -0.034 -0.011 -0.255  0.052 -0.048 -0.048  0.276  0.176  0.043 -0.047 -0.055  1.000 
i_max_4        -0.412  0.079 -0.079 -0.106 -0.250  0.028  0.034  0.027  0.201  0.342 -0.004  0.057  0.054  0.329  1.000 
