*** Results of the Monte-Carlo algorithm ***



Final (best) WSSR value from Monte-Carlo scan: 23366

Total number of Monte-Carlo steps: 4237/6000


Updated initial values of the parameters for Marquardt-Levenberg fit:
a		 = 0.78261 (-2.2372-2.5066)
b		 = 489.8 (303.6-961.83)
c		 = 0.34423 (0.10855-1.3965)
d		 = 16.318 (2.3563-22.894)
e		 = 0.050005 (0.05-0.4234)

1+p% data statistics (p=3.5): 3868

1+p% (p=3.5) error estimates for parameter a (value: 0.78261): -386%, +220%
1+p% (p=3.5) error estimates for parameter b (value: 489.8): -38%, +96.4%
1+p% (p=3.5) error estimates for parameter c (value: 0.34423): -68.5%, +306%
1+p% (p=3.5) error estimates for parameter d (value: 16.318): -85.6%, +40.3%
1+p% (p=3.5) error estimates for parameter e (value: 0.050005): -0.0101%, +747%


 Iteration 0
 WSSR        : 12776.9           delta(WSSR)/WSSR   : 0
 delta(WSSR) : 0                 limit for stopping : 1e-09
 lambda	  : 8.47791

initial set of free parameter values

a               = 0.72159
b               = 489.564
c               = 0.05
d               = 8.02093
e               = 0.170741
i_s0_0          = 44.5859
i_s0_1          = 82.1035
i_s0_2          = 98.6373
i_s0_3          = 64.7979
i_s0_4          = 115.956
i_max_0         = 2427.93
i_max_1         = 281.49
i_max_2         = 139.4
i_max_3         = 115.74
i_max_4         = 81.0351

After 3 iterations the fit converged.
final sum of squares of residuals : 12636.7
rel. change during last iteration : 0

degrees of freedom    (FIT_NDF)                        : 10792
rms of residuals      (FIT_STDFIT) = sqrt(WSSR/ndf)    : 1.08209
variance of residuals (reduced chisquare) = WSSR/ndf   : 1.17093

Final set of parameters            Asymptotic Standard Error
=======================            ==========================

a               = 0.838718         +/- 0.2233       (26.63%)
b               = 489.562          +/- 1.106e+04    (2259%)
c               = 0.05             +/- 90           (1.8e+05%)
d               = 8.38187          +/- 1.109        (13.23%)
e               = 0.174329         +/- 0.02296      (13.17%)
i_s0_0          = 44.5902          +/- 0.0003647    (0.0008179%)
i_s0_1          = 82.0975          +/- 0.001602     (0.001952%)
i_s0_2          = 98.6234          +/- 0.002861     (0.002901%)
i_s0_3          = 64.8152          +/- 0.002844     (0.004387%)
i_s0_4          = 115.906          +/- 0.005299     (0.004572%)
i_max_0         = 2427.92          +/- 17.87        (0.7362%)
i_max_1         = 281.458          +/- 4.428        (1.573%)
i_max_2         = 139.352          +/- 2.91         (2.088%)
i_max_3         = 115.736          +/- 3.219        (2.782%)
i_max_4         = 80.9811          +/- 2.172        (2.682%)


correlation matrix of the fit parameters:

               a      b      c      d      e      i_s0_0 i_s0_1 i_s0_2 i_s0_3 i_s0_4 i_max_ i_max_ i_max_ i_max_ i_max_ 
a               1.000 
b              -0.050  1.000 
c               0.047 -1.000  1.000 
d               0.226  0.486 -0.485  1.000 
e               0.320 -0.518  0.516 -0.777  1.000 
i_s0_0         -0.006 -0.025  0.026  0.205 -0.191  1.000 
i_s0_1          0.195  0.023 -0.024  0.019 -0.021  0.034  1.000 
i_s0_2          0.159 -0.002  0.000 -0.024  0.024  0.008  0.099  1.000 
i_s0_3         -0.279  0.029 -0.028 -0.061 -0.128  0.020 -0.022 -0.021  1.000 
i_s0_4         -0.218  0.001 -0.001 -0.130 -0.067 -0.004  0.016  0.013  0.081  1.000 
i_max_0        -0.004 -0.467  0.469  0.062 -0.029  0.309  0.024  0.002  0.017 -0.007  1.000 
i_max_1         0.316  0.008 -0.010  0.074 -0.081  0.076  0.263  0.163 -0.033  0.026  0.080  1.000 
i_max_2         0.321  0.010 -0.013  0.029 -0.037  0.041  0.210  0.241 -0.037  0.027  0.031  0.353  1.000 
i_max_3        -0.489  0.040 -0.039 -0.087 -0.243  0.043 -0.038 -0.037  0.278  0.140  0.044 -0.055 -0.064  1.000 
i_max_4        -0.481  0.030 -0.031 -0.212 -0.220  0.010  0.036  0.026  0.179  0.258 -0.003  0.065  0.062  0.313  1.000 
