*** Results of the Monte-Carlo algorithm ***



Final (best) WSSR value from Monte-Carlo scan: 2499.7

Total number of Monte-Carlo steps: 6542/6000


Updated initial values of the parameters for Marquardt-Levenberg fit:
a		 = 1.0588 (-0.93352-2.0268)
b		 = 40.591 (39.782-92.207)
c		 = 0.49568 (0.14916-0.50632)
d		 = 29.92 (20.055-45.929)
e		 = 0.18511 (0.10715-0.26239)

1+p% data statistics (p=3.5): 4351

1+p% (p=3.5) error estimates for parameter a (value: 1.0588): -188%, +91.4%
1+p% (p=3.5) error estimates for parameter b (value: 40.591): -1.99%, +127%
1+p% (p=3.5) error estimates for parameter c (value: 0.49568): -69.9%, +2.15%
1+p% (p=3.5) error estimates for parameter d (value: 29.92): -33%, +53.5%
1+p% (p=3.5) error estimates for parameter e (value: 0.18511): -42.1%, +41.7%


 Iteration 0
 WSSR        : 2089.69           delta(WSSR)/WSSR   : 0
 delta(WSSR) : 0                 limit for stopping : 1e-09
 lambda	  : 8.86027

initial set of free parameter values

a               = 1.61914
b               = 46.0875
c               = 0.46896
d               = 34.0386
e               = 0.264589
i_s0_0          = 44.5566
i_s0_1          = 81.9959
i_s0_2          = 98.5126
i_s0_3          = 64.6946
i_s0_4          = 115.638
i_max_0         = 5600.39
i_max_1         = 578.387
i_max_2         = 229.858
i_max_3         = 238.172
i_max_4         = 131.083

After 8 iterations the fit converged.
final sum of squares of residuals : 2041.6
rel. change during last iteration : 0

degrees of freedom    (FIT_NDF)                        : 1787
rms of residuals      (FIT_STDFIT) = sqrt(WSSR/ndf)    : 1.06887
variance of residuals (reduced chisquare) = WSSR/ndf   : 1.14248

Final set of parameters            Asymptotic Standard Error
=======================            ==========================

a               = 2.07011          +/- 0.1712       (8.268%)
b               = 78.539           +/- 49.68        (63.26%)
c               = 0.222729         +/- 0.5409       (242.8%)
d               = 42.5603          +/- 4.952        (11.64%)
e               = 0.359128         +/- 0.05351      (14.9%)
i_s0_0          = 44.5556          +/- 0.0008136    (0.001826%)
i_s0_1          = 81.9908          +/- 0.00457      (0.005574%)
i_s0_2          = 98.5031          +/- 0.01031      (0.01047%)
i_s0_3          = 64.6789          +/- 0.009872     (0.01526%)
i_s0_4          = 115.591          +/- 0.02383      (0.02061%)
i_max_0         = 5482.78          +/- 61.56        (1.123%)
i_max_1         = 543.126          +/- 12.3         (2.265%)
i_max_2         = 214.762          +/- 6.983        (3.251%)
i_max_3         = 200.199          +/- 8.61         (4.301%)
i_max_4         = 110.007          +/- 4.423        (4.02%)


correlation matrix of the fit parameters:

               a      b      c      d      e      i_s0_0 i_s0_1 i_s0_2 i_s0_3 i_s0_4 i_max_ i_max_ i_max_ i_max_ i_max_ 
a               1.000 
b              -0.226  1.000 
c               0.175 -0.994  1.000 
d               0.292  0.400 -0.397  1.000 
e               0.389 -0.450  0.457 -0.618  1.000 
i_s0_0         -0.017 -0.000  0.015  0.083 -0.082  1.000 
i_s0_1          0.117 -0.050  0.032 -0.015  0.003  0.007  1.000 
i_s0_2          0.076 -0.039  0.027 -0.023  0.019 -0.000  0.027  1.000 
i_s0_3         -0.129  0.015 -0.014 -0.067 -0.058  0.003 -0.003 -0.003  1.000 
i_s0_4         -0.073 -0.010  0.008 -0.074 -0.015 -0.002  0.004  0.002  0.015  1.000 
i_max_0         0.011 -0.541  0.581 -0.041  0.080  0.201  0.012  0.003  0.000 -0.001  1.000 
i_max_1         0.340 -0.163  0.109  0.012 -0.061  0.032  0.177  0.080 -0.009  0.010  0.069  1.000 
i_max_2         0.271 -0.124  0.081 -0.022 -0.011  0.009  0.101  0.133 -0.008  0.008  0.020  0.308  1.000 
i_max_3        -0.546  0.078 -0.071 -0.237 -0.291  0.018 -0.014 -0.012  0.141  0.060  0.004 -0.031 -0.031  1.000 
i_max_4        -0.374 -0.023  0.014 -0.322 -0.134 -0.004  0.018  0.011  0.074  0.104 -0.008  0.055  0.042  0.309  1.000 
